input10.txt: 0.283692
input11.txt: 0.100495
input1.txt: 0.0824249
input2.txt: 0.100233
input3.txt: 0.0822704
input4.txt: 0.089439
input5.txt: 0.0879529
input6.txt: 0.0838288
input7.txt: 0.0817247
input8.txt: 0.140858
input9.txt: 0.177277
